searcherItems=poi1,daolu1,jhglz1
quxianAddr=451228,108.113130372,24.1657208449;451321,108.744811908,24.0116420384;451302,109.185841473,23.6578564401;450124,108.163267404,23.6584329361;451023,107.570332707,23.5346880059;450125,108.639400535,23.5152344083;450122,108.252991916,23.2502749537;450126,108.933412127,23.1615243971;450804,109.40766923,23.1414332414;451425,107.07397721,23.1109779116;450127,109.162306051,22.7690296847;450803,109.695318942,22.9041715352;451424,107.130591722,22.8078168078;451421,107.824024505,22.5182204383;451402,107.456087168,22.5235072505;450105,108.15856939,22.6244595163;450109,108.601018732,22.5957472867;450108,108.354476799,22.4414193563;450722,109.535083577,22.2640485495;450721,109.140600271,22.3098242728;450703,108.544393089,22.1721498549;450621,107.897407479,22.0466953369;450102,108.545164065,22.958762888;450103,108.654790849,22.8188754913;451229,107.706876435,23.9647664506;450107,108.083337625,22.9165398861;450123,107.692391781,23.1021578304;
defaultAddr=0,0